Welcome to clustering problem
-----------------------------

Cluster:$ Reading data set

Cluster:$ Items have been determined[in: 1.40432 sec]

Cluster:$ Creating model[random/lloyd/k-means/cosine]
Cluster:$ Model created[in: 0.005032 sec]
Cluster:$ Fitting clusters
-1
305.166

305.166
122.8

122.8
115.198

115.198
113.812

113.812
113.656

113.656
113.588

113.588
113.519

113.519
113.406

113.406
113.406

Cluster:$ Clusters have been determined[in: 410.144 sec]
Cluster:$ Calculating silhouette
933.265-5000
Cluster:$ Silhouette: [1,1,0.100809,-0.0224206,1,-0.0815596,-0.0590217,1,0.182037,0.20295,-0.0264992,0.0558338,-0.0816355,0.194237,0.021448,0.364222,0.0433896,-0.322436,1,1,0.242018,1,-0.707024,-1,1,0.770412,-1,-1,0.0775362,1,1,-2,0.139257,0.0354287,-0.423022,-1,0.0445817,-1,0.0893655,-2,1,1,0.286398,-0.341928,0.0627789,0.0699986,-0.0841575,1,1,0.119527,1,0.239434,-0.167837,1,1,1,-1,0.885147,-2,1,-1,1,1,1,-0.7396,1,-1,1,0.0982278,1,0.19816,1,-2,0.460092,-1,1,1,1,-1,-0.0152225,0.00594797,1,1,1,-0.149341,0.192287,1,-1,1,0.275705,0.40573,0.247205,0.279884,1,1,-0.191521,0.212792,1,-0.0599206,0.692043,-0.722986,0.589058,0.0148536,-1,0.646094,-1,1,1,-1,1,0.051334,1,0.45086,1,-0.0570943,1,1,1,1,-0.188077,-0.319875,0.498033,1,0.0210782,0.530584,1,1,-2,-1,1,-0.268064,1,0.215238,1,-1,1,0.0141523,1,1,1,1,0.167136,0.168409,1,1,0.389251,-0.609059,1,-1,1,-0.110408,1,0.0358963,1,1,1,1,1,1,-0.247632,1,0.155523,1,-0.224117,0.187019,1,1,-1,1,1,-1,-1,1,1,-0.333561,0.0681008,0.306432,-1,0.972375,1,1,1,-1,0.0276314,-0.00654605,1,0.0333612,-0.0546719,1,1,1,-2,0.719736,1,1,-1,-0.0345066,1,-1,1,0.459296,1,1,1,0.597877,0.360601,-0.0584611,1,1,1,0.587507,-2,1,0.776322,1,-1,0.363883,-2,-0.0250118,-0.394249,1,0.0849833,1,1,-1,-0.452622,-2,1,-0.135491,1,1,-0.150118,1,1,1,0.0620153,1,1,1,0.450818,0.16815,0.155975,1,1,1,0.364852,1,-2,1,1,-1,1,0.230977,-2,1,1,1,0.678278,-2,0.0190673,1,1,1,0.0435489,0.419518,0.726755,-1,-0.105704,-0.392262,1,0.527174,0.164466,1,-0.0165496,0.411112,0.0602494,1,-2,1,1,0.231165,1,1,1,1,1,1,-0.324721,-1,-0.0730755,-0.357492,-0.0399098,1,1,0.769387,1,1,1,1,0.278762,-2,-0.272206,1,0.251475,0.0347563,1,1,0.292614,1,-0.269734,-0.338343,-2,1,1,0.295473,1,1,0.50578,-1,1,0.0312776,1,1,1,-0.0286056,1,-0.0119784,0.197971,1,-0.0514159,0.283851,0.0773103,0.0807882,0.291551,1,0.0768601,0.0318948,-0.0872136,-0.143447,-0.339582,-1,-0.00266248,-0.127158,0.532295,1,1,0.336494,0.233073,-0.108831,1,0.22976,0.0173178,-1,1,-0.0437522,1,1,-1,-1,0.0258046,1,-2,0.262395,1,-1,1,-2,0.82374,0.053576,0.629278,0.340675,-1,1,1,-1,0.195462,-0.0606701,1,-0.18151,0.06353,0.423897,1,-2,1,1,1,-1,-0.189508,0.0231037,-2,0.0166949,1,1,1,-0.312793,1,1,0.522022,0.655929,-0.214293,1,-0.131751,-1,-1,0.0710465,-0.132725,0.082217,1,0.283287,0.358085,-0.0966096,0.0210588,1,1,-0.147368,1,-0.249721,-2,1,0.397379,1,1,0.131503,0.195194,1,-0.105277,-0.0221882,0.280396,-1,1,1,0.0954616,1,-2,-0.0698429,-1,0.683076,1,-2,-0.190871,-0.0781877,1,-1,0.130221,1,0.366,-0.614245,0.368345,0.586501,-0.0194112,1,-1,1,1,1,1,0.633303,-0.11624,1,1,1,1,1,0.272008,1,0.491337,0.283061,-0.057978,-0.277213,1,0.224038,-2,-1,1,1,1,1,1,-1,0.479864,0.109638,1,0.0064308,1,-2,1,1,1,0.612113,1,-0.27503,1,1,1,1,1,1,-0.419754,1,1,-2,-0.247945,1,1,-1,1,1,-2,-0.217987,1,-2,1,1,-0.381321,1,0.0787878,-2,1,0.611481,1,1,0.217001,1,-2,0.00248604,1,0.245195,-2,-1,-1,0.323603,0.118197,1,1,0.0155687,-2,1,-2,0.0233861,-0.291628,-2,1,1,0.434712,0.217738,1,0.104648,-0.0436119,1,1,-1,1,1,1,0.00667055,0.357507,0.160902,-0.0243129,1,0.10724,1,-1,0.439152,0.981118,0.0385469,-0.0646425,-1,1,1,1,-0.152374,0.0965891,0.0255907,1,0.368749,-1,-2,-0.261099,0.55395,1,-2,-2,0.0534587,1,1,-2,1,1,1,1,1,1,1,0.288909,0.0318543,1,1,0.137953,0.268965,1,-0.0619302,0.258638,-2,0.582285,1,0.109591,1,1,-0.0551111,0.0460419,-1,-0.261714,1,1,-2,1,0.00827897,-0.0763925,0.258266,0.347609,0.133517,0.136081,1,1,1,0.146988,1,0.000381969,1,1,-0.0970552,-1,0.219628,0.606664,0.98081,0.0651282,-1,1,0.498432,1,0.458786,1,0.444825,0.145694,-0.265333,-0.210298,-0.293834,-0.00138805,0.313108,0.00558049,-0.25593,0.292769,0.198813,0.601392,1,1,1,1,-1,-2,1,1,1,1,-0.382562,1,0.0195937,-0.114619,1,0.305869,1,1,1,-1,1,-0.0756513,1,-0.124225,0.37367,0.0680823,1,-1,-0.0471743,1,0.295865,0.170087,0.519022,0.0999026,-2,-0.298487,1,0.00144173,0.0938332,-2,-2,-1,1,1,0.0387688,0.321887,-2,1,-2,-0.0858871,-0.200146,1,1,1,-0.383318,-1,1,1,0.0334622,-1,0.346601,0.176737,-0.069142,1,1,-1,-0.275434,1,-2,0.600662,0.0911208,-0.340794,0.120116,0.89822,-1,0.542005,-0.181663,0.521327,-2,-1,0.354397,-0.00698269,0.42665,1,0.0383606,-0.222572,-0.0350813,0.232222,0.27651,1,1,1,-2,0.849898,1,0.254247,0.238538,0.28257,1,-2,0.700932,1,-0.202961,-0.10644,0.416415,1,0.186905,-2,1,1,1,-2,1,1,-1,-0.606697,1,1,1,0.694291,1,-0.087581,1,0.231902,1,1,1,0.437232,0.0706127,1,0.47562,0.306325,-0.275448,1,-0.165507,-1,-0.159986,-0.0317547,-0.132673,-2,1,-0.18457,-0.0258504,-1,-0.281682,0.804378,0.397387,1,1,-2,0.608311,0.0393704,0.691388,1,-2,1,0.47405,-0.0113964,1,-0.0418438,0.0999278,-2,-0.250903,1,1,1,0.315184,1,-1,1,-0.0495884,1,1,0.0437508,0.0540282,1,-2,1,1,1,1,1,1,0.221692,0.934668,1,-2,0.102444,1,0.412035,0.758058,1,1,1,-2,1,1,0.0220609,1,-2,1,-0.221014,-0.223147,0.179749,0.975441,1,1,-0.131172,-0.318671,0.466198,1,0.0097328,-0.0779446,0.556045,-0.353946,1,0.336634,1,-0.00182721,0.36835,-2,-2,0.115233,-1,1,1,1,0.328736,0.576323,-2,-1,-2,1,1,1,-2,1,-0.337357,1,1,-2,1,-0.100768,1,-0.180225,1,1,1,1,1,1,1,-2,-1,0.26884,1,-2,1,1,1,0.327168,0.157501,1,0.196284,0.264919,-2,0.966049,0.0507216,0.0960504,-0.0830594,1,1,0.0521105,-0.01199,0.0431996,0.322634,1,-0.0390567,1,0.0081677,1,-1,1,-0.245871,0.382029,0.604884,-2,1,1,1,1,1,0.251971,1,1,-2,1,1,-0.31758,-0.140724,1,-0.0943945,0.131534,1,0.100611,0.339523,1,1,-2,1,1,1,-2,0.110638,0.780464,0.0549106,1,0.0312366,0.121858,0.149245,-2,1,1,0.822093,0.25315,1,-2,1,-0.0852695,1,0.303507,0.193166,-2,0.321094,1,0.727095,0.880417,1,0.443217,1,1,-0.0658275,1,0.138976,1,0.214942,-0.0490224,-0.189097,0.462936,0.607524,1,1,1,-0.0477607,1,0.648726,1,-1,-2,0.742564,0.467797,-0.272427,1,0.0639175,1,0.113218,0.389948,1,-2,0.341738,1,1,0.431814,1,1,-2,1,1,1,1,1,0.252831,1,0.322167,1,0.0763324,1,-0.0543215,0.736559,1,-0.0985685,-0.00729526,0.112749,0.180286,0.471969,1,1,-1,0.258881,-1,-0.134359,0.114014,1,1,0.282702,0.106841,-2,-2,1,1,-0.0323444,1,-0.0147545,1,1,1,1,0.328529,1,0.182719,-2,0.0835545,1,-2,-2,-0.191214,1,1,1,-2,0.605939,1,1,1,-2,1,1,1,0.84277,-0.0152,0.255445,0.422903,-0.308123,1,1,1,-0.13463,0.40279,0.443599,0.0279771,1,1,0.650597,0.270114,1,0.420693,-0.235541,1,0.162234,0.167253,-1,-0.0791392,-0.294897,0.319726,0.861646,1,1,-0.0200182,1,0.286694,-0.0595469,0.28125,1,1,1,-0.346097,-0.0141239,-0.151348,0.158073,1,0.148469,-2,1,1,1,1,1,1,1,1,1,1,-2,1,0.279418,0.0505886,-0.198513,0.271058,0.282209,1,1,0.0637483,1,0.277418,1,-2,1,0.257529,0.446209,1,1,1,-0.385906,-2,0.713706,0.0119394,0.103917,1,1,1,0.100629,-0.0906784,1,-1,1,-1,-0.197914,1,0.371382,0.10714,1,0.297091,1,0.0405967,-0.0599831,1,-2,1,1,0.714695,1,1,1,-2,1,0.662114,-2,0.0414455,1,1,-0.0499239,-1,0.219863,0.669132,-0.00586943,1,-1,1,1,1,1,0.0603443,1,0.048901,-2,1,1,1,1,1,-1,1,1,1,-2,-2,1,-2,0.0777237,-0.257297,0.674849,1,0.601824,1,0.014959,0.142032,1,0.231784,-0.0825645,1,0.452757,1,1,-2,0.617521,0.198699,-0.0580269,-1,0.325811,0.0913352,1,-2,-0.234525,-0.0272398,0.855739,1,0.0430591,1,-2,1,1,-2,-0.031386,0.0757609,0.164281,-0.0839465,1,1,1,-2,-1,1,1,-2,0.903519,1,0.464579,1,1,-0.0322567,1,0.00190067,-0.269529,1,0.610131,0.598561,1,0.101031,1,1,1,-0.0738542,1,1,1,1,0.0388306,0.132946,1,1,1,1,0.155502,1,-0.406794,-0.00173115,1,1,0.239766,0.198671,0.421897,0.0799489,0.419514,0.579516,1,0.1016,0.0608376,0.0732709,0.236938,0.279385,0.50414,-0.0352637,1,-2,1,1,-2,-0.00639168,-2,-2,0.220967,-2,1,-0.0714277,1,1,-1,1,-0.222698,-0.0280242,-2,-2,1,-2,1,0.524173,-2,-0.120445,1,1,-0.0152116,1,1,-0.0701842,-0.0466395,1,0.372932,1,-0.312159,1,1,1,1,1,1,1,0.195855,1,-0.122013,-0.331712,1,-2,-0.196443,0.187632,1,1,1,0.0265464,-2,1,1,0.743608,1,-2,-2,1,0.399314,0.654824,-2,1,1,1,0.986704,-2,1,1,1,0.0895007,0.144574,-0.206858,1,0.26385,-2,1,0.0427801,-0.194186,-2,0.132278,0.058818,1,0.440017,-2,-0.260227,0.332945,0.115143,-0.222642,1,0.177432,1,-2,1,0.0686283,0.166232,1,0.482595,0.00794927,-0.0535144,1,0.0200472,-0.326632,-0.071573,0.214748,-0.314311,1,1,0.0341694,1,0.275139,1,1,1,1,1,0.0851118,0.0613736,0.818935,1,-0.0482403,-0.214152,1,1,-0.143044,0.688848,-0.101764,1,1,1,1,1,0.857524,1,1,-0.194263,0.0461031,1,1,0.614401,1,0.404794,1,1,-0.0830531,-0.0802544,1,-0.129923,1,1,1,1,1,-2,1,-2,0.336404,1,-0.0473071,0.0935037,-0.00133246,1,0.434971,0.178976,0.0524419,1,1,1,0.267968,1,1,0.846436,-0.33111,-2,1,0.25974,-0.37659,0.512345,-1,1,1,0.46605,0.110346,-2,0.0914369,1,1,0.0048839,1,0.0670434,1,1,-2,1,1,-0.114175,0.0429613,-0.0702009,1,0.334943,-2,1,-2,-0.423316,-0.182609,1,1,1,-0.0349852,1,0.142314,0.16174,0.286051,0.200839,1,1,-0.0838405,-0.0781102,1,1,0.295029,0.280583,1,0.213388,0.829668,1,-0.037504,0.0266675,1,0.643312,1,0.00276046,1,-1,1,0.0543024,1,0.555657,-2,-0.0196319,0.7966,0.473191,1,0.0836319,0.872342,1,1,-0.124378,1,1,0.1132,-2,-0.0474244,1,1,-0.0722035,1,1,1,0.269791,1,1,1,1,0.316333,1,0.0268597,1,0.361871,1,1,0.0649363,1,0.858751,0.100236,1,1,0.724443,1,0.185183,-2,1,-0.0724112,1,1,0.338839,1,1,-2,-2,-0.175036,0.0301249,0.241938,0.436024,0.108995,1,1,1,0.340845,1,-2,1,1,-0.262149,-2,-0.1011,1,-0.00524424,0.809153,-2,1,1,1,1,-0.255614,-2,0.1085,0.0844552,0.0831353,-0.107449,-2,1,1,-0.181626,0.188842,-2,1,1,1,0.0688991,1,0.161869,1,1,1,0.557572,0.548625,0.0654349,-0.0744765,0.511425,1,0.24444,-0.141494,1,1,0.129748,-2,1,1,1,0.152406,1,1,0.184667,0.206194,1,1,0.895132,1,0.698087,-2,1,1,-0.0445099,-0.0816555,1,-0.206816,0.50296,1,0.545829,1,0.203411,0.364062,-0.151241,1,-2,1,-0.0341856,1,1,0.191484,1,1,1,1,0.230611,1,1,0.143579,0.0619685,1,0.386645,1,-2,1,1,1,0.94939,1,1,1,0.0021595,1,0.50465,-2,-0.254452,1,-1,1,0.406949,-0.038508,1,0.00240797,1,0.140367,-2,0.331909,-2,0.0329829,1,1,0.0773217,0.977201,0.41036,-2,1,1,0.922737,-2,1,1,1,0.820611,-2,0.194563,0.429623,1,1,0.000196577,1,1,-2,-1,0.325426,-2,0.160177,1,1,0.409997,1,-0.00171291,1,-2,1,1,-1,0.9718,0.0392787,-0.139382,1,-0.0644081,1,-0.119383,-0.164462,1,-2,-0.256309,1,0.394007,0.502007,1,-0.0819026,-2,1,1,-0.0288087,-1,0.0420265,0.117978,1,-1,1,1,-0.0566497,-2,1,-0.349303,1,-2,0.0577468,-1,-0.0792438,1,0.0136358,-0.0312961,-0.00135679,0.63211,1,-0.233659,1,0.170301,-0.0246863,1,-1,0.0840256,0.0381181,0.310878,-2,1,-2,0.226282,1,-2,1,0.230655,1,1,1,1,1,-2,0.729762,1,1,-0.0938686,1,-0.2159,0.130463,1,1,1,0.171058,-2,0.991029,1,1,0.17044,1,1,1,1,-0.044526,0.366942,0.194496,0.0265234,1,1,-2,-0.0912058,1,-0.0221258,0.226555,0.0148192,1,1,1,1,1,1,1,1,1,1,0.0335623,1,-2,1,-0.00868145,1,1,1,1,-2,-0.18957,1,1,-0.0690429,1,1,0.235867,-2,0.286067,1,1,1,1,1,1,1,1,1,1,-0.0353725,0.285276,1,0.192555,0.514884,1,-2,1,1,-2,1,1,-2,0.0823952,1,-0.00965747,-0.0775061,-2,1,0.322685,1,1,0.492639,0.00794613,-2,1,-0.174229,1,0.0745237,0.188758,-2,-2,0.617512,1,1,-0.0874712,-0.103953,0.254429,-2,-0.178662,1,1,1,1,1,0.353629,1,0.503006,0.283516,1,-0.00402274,0.55163,1,1,1,-0.153023,1,0.0785486,0.354944,1,0.0643089,-2,-2,-2,0.226762,1,-0.135368,-2,1,-0.180296,0.0906392,0.325965,1,1,1,1,-0.0607575,0.243414,1,1,-2,1,0.0448581,0.00540928,1,0.407035,-0.173285,1,1,1,1,1,-0.129624,1,1,1,-2,-2,-2,-2,1,1,-2,1,1,-2,0.305384,1,-2,0.206186,-2,1,1,1,1,-2,1,1,1,1,1,1,1,-0.330805,-0.217327,-0.0475213,-2,1,-0.0641593,1,-1,1,0.97947,-2,-0.0521256,-0.0531189,1,1,1,-0.0203819,1,0.186892,1,1,-0.453587,1,1,-2,1,1,0.0387244,1,1,1,1,1,1,1,1,-0.221158,-2,0.122249,1,0.0333746,0.215637,-2,1,-0.405587,0.14712,1,1,1,1,1,-0.153166,1,1,1,1,0.357933,1,1,1,1,1,0.234984,0.446561,0.465031,1,0.0747813,-0.145594,-0.318344,1,1,1,0.0487684,0.870385,-0.120913,0.905221,0.335256,0.672265,0.0346013,-2,-0.0830052,1,0.0710084,1,-2,0.173463,1,1,-2,0.147811,0.153352,1,1,0.187229,-0.130907,1,0.0999869,1,1,-0.241502,-0.0242602,1,1,-0.212854,1,0.420748,-2,-0.138293,0.336407,0.295385,-0.44476,-0.0222656,1,-2,0.560106,0.393413,-0.00916336,1,-2,-0.313169,0.0436523,0.424417,-0.0264007,1,0.352404,-0.33287,0.198266,1,1,1,-2,0.0612528,1,1,1,-2,1,1,0.415564,1,1,0.34432,-2,0.205374,-0.108882,-0.148399,0.148475,-2,0.844687,1,-2,-2,-0.140422,-0.317213,0.186653] [in: 46.4518 sec]
Cluster:$ Deleting cluster

Cluster:$ Creating model[random/lloyd/k-means/cosine]
Cluster:$ Model created[in: 0.003161 sec]
Cluster:$ Fitting clusters
-1
382.025

382.025
162.351

162.351
151.198

151.198
149.225

149.225
148.483

148.483
148.28

148.28
148.22

148.22
148.22

Cluster:$ Clusters have been determined[in: 301.992 sec]
Cluster:$ Calculating silhouette
918.369-5000
Cluster:$ Silhouette: [1,1,-0.10796,1,1,-0.0832681,-1,0.039327,-0.297397,0.224999,0.369977,0.196754,1,1,1,1,0.425178,-0.054869,0.0153328,0.321429,1,0.240183,-0.304311,0.00631595,0.223554,1,0.270724,0.0611384,0.22539,1,1,0.413837,1,1,-1,-0.14937,1,1,1,-0.0696947,0.159651,1,-0.0695643,0.0102202,1,-0.367914,0.374162,0.216686,1,-0.372575,0.198377,-0.588209,0.105744,-0.0451751,0.151633,0.187077,0.041825,-0.273788,-0.328178,-0.416983,1,-0.0505725,1,-1,0.323209,1,0.319588,0.0339838,0.248783,0.136024,1,1,1,1,1,0.216212,-0.439147,1,0.34363,0.00158541,-0.874251,1,0.903561,1,-0.108455,1,1,0.0212886,0.0971137,-0.0546513,0.347317,-0.132776,-0.0779425,-0.0270955,1,1,0.273778,1,0.422687,0.037844,-0.0694695,1,0.0898706,-1,1,0.11185,-0.424571,0.36358,0.0726546,1,0.00642419,0.071927,1,-0.136178,0.188637,1,1,1,-1,0.0140033,0.0861968,-1,0.905817,0.59666,-0.117296,-0.178824,-0.0497213,1,0.0281254,-2,-2,1,0.214765,0.211045,0.00561538,0.676539,0.318356,1,0.10877,1,-2,1,-0.0621023,0.59047,1,1,1,1,0.47612,-0.090088,1,-1,-0.000498892,1,1,0.173123,1,-0.127091,-1,1,1,0.358821,1,0.209545,1,0.0634724,1,1,-0.640487,1,0.168861,-0.153393,1,1,0.289794,1,0.0500935,0.254243,1,0.166712,1,1,-0.028316,1,1,0.453807,0.156125,0.255398,-1,0.0996029,0.518796,0.172013,0.218444,-0.570507,-1,0.390844,0.26559,1,1,0.231991,1,1,1,-0.040817,1,0.0142647,-0.100892,0.0853693,0.366957,0.0975805,-0.0423951,0.33391,-0.331109,1,-1,0.0848954,-1,0.186687,0.221501,0.407821,0.20695,1,1,0.360198,-0.300498,1,1,1,1,1,1,0.0425034,0.972375,1,-0.0171445,0.240248,1,1,-0.268152,0.253678,0.00420279,0.117985,0.25315,1,0.229101,1,1,0.192187,0.364275,-0.119298,-0.0678424,0.123973,1,1,0.271065,1,1,-0.385591,1,-2,1,1,0.143381,1,0.17806,1,0.226865,-0.0908251,0.165683,-0.034402,1,1,1,0.175118,1,-2,0.0682747,-2,-0.0949733,-0.370998,1,1,0.127199,-0.0635962,-1,1,1,-2,0.115091,0.349667,-2,0.208766,1,-0.122022,-0.0934326,-0.172322,0.365626,-0.0864211,1,-2,0.0815579,1,1,1,-0.318671,-0.0309758,-0.0341761,-0.120327,1,0.275983,0.493266,1,0.066511,-0.0196325,1,1,-2,0.403468,0.0198324,-1,0.363997,0.0219257,0.173598,0.0264295,-0.0272427,-0.0297313,1,1,0.264009,0.200928,-0.0245956,0.224759,1,-0.0298558,0.853685,1,0.144834,-2,0.113362,-0.0506541,1,1,0.0475003,1,1,-0.134422,1,0.243484,-0.20135,0.0209179,1,1,1,-0.159893,0.400072,-0.110003,1,0.321509,0.129049,1,1,0.0436055,0.470773,1,1,0.0872972,-0.0207838,0.348493,1,1,1,1,0.103611,-0.243657,-0.0469025,1,1,-2,-1,-0.0732948,0.201727,1,-0.0419742,1,1,0.20979,1,1,-2,1,-0.248625,-0.000967843,1,0.283433,-0.0567078,1,0.118951,1,1,-0.097782,-0.0261334,1,0.600292,0.421963,0.0201461,1,0.269332,0.294889,1,1,0.193372,1,0.408475,1,1,0.0639143,0.220085,0.0441288,1,0.261949,1,0.172537,1,1,0.193722,1,1,1,1,1,-0.277621,0.17411,-0.142601,1,-0.200803,-0.0576838,0.122862,0.628293,0.0735655,1,-0.0171212,0.0674822,0.230227,-0.170538,1,1,1,1,1,0.0423304,0.0271689,0.361027,1,-0.364422,1,0.0295379,-0.295433,1,1,-0.256971,-0.31447,-0.240879,1,0.245556,0.310967,-0.110109,1,0.0301957,1,1,1,0.136414,0.831596,1,-0.0881341,-0.300884,0.0470334,1,0.231055,0.0293087,1,0.481306,-0.0491379,-0.0332131,1,-1,1,1,0.335812,-0.069905,0.146729,1,0.049585,-0.040858,1,-1,-0.0606566,-0.163771,1,1,0.131503,1,0.403783,0.518458,-0.0366133,0.000270067,-0.271806,0.146281,1,0.0361702,1,-1,0.445367,1,0.229453,-0.38281,1,0.170616,0.230497,1,0.0394745,0.410829,-0.0680264,1,1,-0.0264485,0.0131153,1,1,-1,1,-0.000488363,1,1,1,1,-1,0.313059,-1,-0.0685848,0.132267,1,0.551451,0.0305434,0.210623,1,0.508769,1,0.0666441,1,-0.0760767,0.0452769,0.00638262,0.77737,0.0116176,0.100449,1,1,1,0.243362,0.80604,1,0.0348692,0.000861721,1,1,-2,1,-2,0.686906,1,1,0.17701,0.028955,1,1,0.109894,-0.230967,0.453515,0.219719,-2,1,1,-0.0881479,-0.0180274,-0.0883043,0.379697,0.365749,-1,1,0.103204,1,0.102095,0.53667,1,1,1,1,1,0.257618,0.316546,0.195855,1,-0.224005,0.0579418,-0.016078,-1,1,1,0.398002,1,1,1,-1,1,0.117782,0.162043,1,-0.00508492,1,0.762072,-1,1,0.179285,0.048564,1,0.171858,1,1,1,1,1,1,1,0.00877377,0.181726,-0.0337457,1,0.23643,1,0.372136,0.0682377,-1,1,1,-2,0.580483,0.317975,0.407299,0.205279,0.0684824,0.0566079,0.294921,1,0.47966,1,0.140749,1,1,0.323832,0.318794,1,0.897324,-0.0473847,0.191313,0.51408,-0.066963,-0.219236,0.0130593,-0.0546824,0.301809,0.096831,-0.125243,0.249924,1,0.872897,1,1,1,-0.1656,1,0.170347,-1,1,1,-0.21661,0.22548,0.384457,-0.171691,1,1,1,1,1,-0.428679,1,0.32344,1,-0.304485,0.0288077,-0.0406174,1,0.166029,-1,1,0.675748,0.403228,0.0887083,0.263601,1,0.0156636,1,1,0.224744,0.136726,1,1,0.118493,0.176702,1,0.0575711,-2,1,1,1,1,1,1,1,1,-2,-1,1,0.68163,1,0.0699518,1,0.26298,0.164217,1,0.187229,1,-2,0.683177,1,-0.122187,-0.017798,0.107292,-0.0245317,0.347507,1,1,1,0.056836,0.929885,1,1,-1,1,0.476549,-2,0.198995,1,-0.0477378,-0.131662,1,1,1,1,1,1,1,1,0.360821,1,0.275461,0.0348013,1,0.135322,1,1,0.184692,1,-0.185548,-2,0.143663,1,1,-0.205835,0.264266,1,-1,-2,1,1,0.146041,-0.241675,0.124117,1,1,1,1,1,-0.0332133,0.113362,0.399205,0.0278991,-0.0543242,0.587507,-0.115599,1,1,-0.0872448,-2,1,-0.0727855,0.134141,1,1,0.00947019,0.218535,1,-2,1,1,0.00548703,0.257436,-0.459717,-0.166436,-0.137926,1,0.372955,-0.0664411,0.0278179,0.659506,-0.0768872,-1,0.330752,0.277934,1,1,-1,1,1,1,1,0.403573,1,0.762204,1,-2,-0.0204548,-0.0759807,-0.278278,0.00821248,0.105248,1,0.107712,0.0613682,0.218023,0.0291083,0.110446,1,-2,0.505635,1,0.231518,1,-2,1,0.468609,1,1,0.30249,1,-2,1,-2,1,0.174385,1,0.895569,1,1,0.299029,1,1,-0.107369,1,1,-0.0858966,1,1,1,0.0810231,1,1,0.0624783,0.388293,-0.344107,1,1,0.188826,0.195377,1,1,0.164415,0.080811,0.259456,1,0.0555099,0.0844161,1,1,1,0.120527,1,0.215414,0.212851,1,-1,-1,0.170837,1,1,1,1,0.694485,-0.131592,0.296879,1,0.0391798,-0.0978093,0.421674,0.844702,-1,0.907792,1,-0.44476,1,1,1,1,1,1,1,0.406082,1,1,-2,1,1,-0.143583,1,-0.0440215,0.131389,-0.116853,1,0.118528,-0.297367,1,0.313436,-0.103763,-0.0271409,1,0.110894,0.518729,0.255568,0.150953,1,1,1,1,-2,-0.169897,0.110995,0.274839,-1,-1,-0.319593,1,1,1,0.776012,-0.0739539,0.0993583,-2,0.167173,-2,0.186789,1,1,-2,0.891318,0.00414591,-0.142372,0.108848,0.125497,0.34103,1,1,-0.227805,-0.0373739,0.108872,-2,-0.111462,1,1,-2,0.0381721,-1,1,-2,0.672815,0.0947185,1,0.679198,-2,1,-0.0414471,-0.083044,1,1,0.384721,0.309655,0.264006,1,1,-0.108032,-0.0973984,-0.106979,1,1,1,1,1,0.0131066,1,0.326504,-0.182567,-0.209596,1,1,0.134535,1,1,0.153457,0.0443951,-0.325884,-0.023169,0.646094,1,0.0111298,1,-2,0.0564821,-0.412801,1,1,0.0495323,1,1,1,0.191789,0.0416812,0.282233,0.660815,1,0.529335,-2,1,1,0.934668,-2,-2,0.212809,1,1,0.0624826,0.157178,0.776948,0.213668,0.152312,0.615584,0.0236268,1,0.0946398,0.0903476,-2,1,0.0139884,1,0.364745,1,0.0671565,1,0.663663,1,-0.172569,-0.317374,1,-2,1,0.0660039,1,1,-2,0.255861,-0.161649,0.0735129,1,-0.317442,0.826845,-0.194364,-0.137922,-0.13811,0.498819,0.471263,-0.0579034,-2,1,1,1,0.297662,1,0.196933,-0.110501,0.0595112,1,1,-0.0910825,-0.318722,-0.00248395,0.347999,1,1,0.0852839,-0.0831773,1,-0.33287,1,1,-0.079497,1,0.0616098,1,0.981118,0.19665,0.421065,0.296685,0.145178,-2,0.3065,1,0.235518,-1,1,1,0.223197,0.13723,-1,1,0.394761,0.03601,-0.0999598,0.191045,0.423638,-2,1,1,0.611359,-1,1,1,0.0477441,-0.0617729,1,1,-2,0.107371,1,0.223238,0.878721,1,-0.0856604,-2,-2,1,1,0.26903,-1,0.110384,1,-0.186534,-0.0833996,1,1,-0.173466,1,1,0.391952,-0.026857,-0.158722,0.0312908,0.398981,1,-0.00210307,-0.377113,1,-2,1,-0.0352468,1,1,0.23703,1,-1,1,1,0.0205852,0.73077,0.00801583,0.238233,0.0199477,0.0883799,0.0984621,-2,1,1,1,-2,1,1,0.0259455,0.374547,0.0939449,0.455788,1,1,0.0645899,-0.00604874,1,1,1,-2,0.147671,1,1,0.65894,1,1,0.139295,1,1,0.251475,0.554331,1,-0.0540649,0.565842,0.161295,1,0.742371,-2,1,1,1,0.403396,0.25083,0.259159,-0.0854171,1,-0.0592147,-2,0.371528,-0.190767,1,1,-0.0369639,1,1,1,1,-0.0956838,-2,0.291874,0.347399,1,1,-2,0.385792,0.238755,0.147398,0.0105015,0.0260761,-0.022534,1,1,0.207951,1,1,-2,0.249082,1,-0.116405,0.399372,0.0581833,0.0954259,0.337383,1,1,1,-2,1,0.569908,-2,0.394773,-0.0637618,1,0.403446,0.118792,1,1,1,1,1,0.178756,0.248022,-0.0366937,1,-2,1,-0.153927,1,1,0.086009,1,1,-2,-1,0.0872546,-1,1,0.0991738,-0.233374,-0.068072,-0.194652,-0.0233139,1,-1,-2,1,-0.00919212,1,1,-0.156008,-0.111986,1,-0.0367991,1,-2,1,0.890629,1,0.584673,1,0.438988,1,1,0.106791,1,1,1,1,-0.231569,0.469364,-0.235319,0.315641,1,1,1,0.434732,0.00584713,1,1,0.134861,1,-2,1,-0.211362,1,1,0.237294,0.1626,0.207347,0.0741564,-0.139459,1,1,0.643716,1,0.39026,1,1,0.292396,-2,-2,-1,1,-0.109368,0.453942,0.15424,0.0889845,-0.0169778,1,-2,0.246309,0.960565,0.21288,1,1,-2,1,1,1,0.450356,0.266036,-0.110223,-0.149219,-0.0406915,1,1,1,1,0.312547,1,1,1,-2,-0.0597371,-2,1,-2,-0.241391,1,-2,0.0976368,0.0638406,1,-0.0684458,1,0.149802,1,0.133975,1,-2,-0.0013385,-0.606697,0.0480063,0.576014,-0.334093,-0.111904,1,0.852269,1,0.220354,0.230661,0.591849,0.331662,0.650828,1,1,1,0.0654342,0.0390551,1,0.0139042,-0.127208,-0.0551751,0.352735,-2,1,1,-0.433875,1,0.548467,0.0408676,1,0.517762,0.38475,-0.177024,1,0.140882,-0.254296,0.310872,1,-0.15306,-0.082753,1,-0.0288289,0.0271313,-0.109055,1,-0.121917,-0.0180444,1,-0.123439,1,-0.0329516,-2,1,1,1,0.254329,-0.11188,1,0.282012,0.0629286,0.0768203,0.893805,1,1,1,1,0.886473,0.371007,0.0453205,1,0.614496,1,1,0.0833393,0.0595216,-0.304676,1,1,0.979014,1,-0.27314,1,1,1,0.173249,1,-0.035112,-0.526546,1,0.338296,1,1,1,1,1,0.143038,1,1,0.477313,0.885235,-0.307575,0.0151573,1,1,0.196637,1,1,0.0592555,-0.124224,0.653424,1,1,-2,1,1,-1,0.571335,0.606132,0.689069,-2,0.748172,0.0607841,-2,-0.290099,0.457402,1,1,1,-0.041423,1,1,-0.0506147,1,1,1,1,0.10479,1,-2,1,1,0.80199,0.319614,-0.082884,1,1,1,0.14597,-2,0.0806148,0.539424,-1,1,0.229116,1,0.305363,-2,-0.161829,0.377502,1,0.89615,0.217015,1,0.328402,0.275065,1,-0.0207996,1,-0.0297447,-2,0.0594716,-0.0508497,0.416559,-0.0423578,0.32181,-2,0.28027,1,-0.00869908,1,1,1,-0.24565,0.265998,0.723124,-0.0845347,0.189467,1,-2,-2,1,1,0.0191518,0.284158,0.0164043,-0.00426423,0.272139,-0.10592,-2,1,1,1,0.423335,1,1,0.622532,-0.163405,0.265472,1,-2,0.952755,1,-2,-2,0.0465904,1,-0.352312,1,1,0.295542,-2,1,-2,1,-2,-2,0.209469,1,1,1,1,0.64137,0.13235,1,-0.315472,0.0206206,0.0831208,-0.013618,-0.0956346,1,-2,0.220422,1,0.11537,-2,1,1,1,1,1,-0.23705,0.287945,1,-2,-2,0.195058,1,-0.0723861,1,1,1,1,1,1,-0.35284,1,1,1,0.201567,0.123409,1,0.22253,0.119688,-0.0325075,0.483056,-2,-0.0864018,-0.0751904,0.0449838,0.308692,0.330506,-0.097059,1,0.094343,1,-2,0.223874,1,1,0.171488,0.187689,1,0.0800502,-0.0145246,0.11835,1,0.073976,0.83737,0.262882,0.251518,-0.0817272,1,0.0344669,-2,0.588637,-0.0281267,0.206763,-2,1,1,-0.0221316,1,0.0807327,1,1,1,-1,-0.0521371,1,1,0.970064,1,-2,0.0107575,1,-0.255617,-2,0.0815937,0.496938,0.17526,0.084437,1,-0.100505,1,0.277362,1,0.218356,1,-2,0.0880245,1,-0.126957,0.0678733,0.183674] [in: 39.071 sec]
Cluster:$ Deleting cluster

Cluster:$ Creating model[random/lloyd/k-means/cosine]
Cluster:$ Model created[in: 0.004044 sec]
Cluster:$ Fitting clusters
-1
394.228

394.228
168.923

168.923
157.929

157.929
155.72

155.72
155.168

155.168
155.06

155.06
155.017

155.017
154.995

154.995
154.995

Cluster:$ Clusters have been determined[in: 323.731 sec]
Cluster:$ Calculating silhouette
828.864-5000
Cluster:$ Silhouette: [-1,-0.908204,-0.0903695,0.35403,0.0270962,1,0.252944,1,0.545323,1,-0.0491144,0.0377105,-1,0.155295,-1,1,1,0.142604,1,-0.205758,-1,-0.0260162,1,-0.326394,0.0340971,-0.305209,1,0.224522,0.189892,1,1,1,1,1,-0.0544383,1,0.0581163,1,1,-1,0.43194,1,0.213652,1,-0.47389,1,0.229889,1,1,1,1,0.10011,1,-0.214204,1,0.278794,-2,1,0.282209,1,-2,0.562971,1,-0.18138,0.112063,0.168181,0.190973,1,-0.0765088,1,1,1,1,1,0.190198,-0.212287,1,0.0621421,-1,1,-1,1,0.469817,-0.336631,0.400629,1,0.19957,0.223054,1,0.503288,0.144917,0.165867,0.547665,0.221765,0.629396,0.0892466,-0.346512,0.0171247,-0.0751658,0.313046,-1,1,0.349019,0.207536,0.0838346,0.0501443,1,1,1,-1,0.247907,1,0.150586,0.0167205,-0.329477,1,0.258135,0.431982,1,1,1,-0.235674,-1,-0.359101,-0.410888,-0.0579145,0.192662,0.496347,0.0243175,0.00562777,1,-1,-0.0239326,0.514715,-0.075333,0.0764793,0.226825,1,1,-0.0659692,1,1,0.7257,0.304421,-1,-0.234219,0.162915,1,1,-0.0974865,1,-0.0337069,-2,1,0.000354874,0.469322,1,1,-1,-2,0.289413,0.401055,0.759186,-0.0678004,1,1,-0.297194,0.350668,0.174865,1,0.0808774,1,1,1,0.294943,0.289901,0.0403278,1,1,0.205274,1,-1,-0.0568319,-0.0830157,1,0.531355,0.385319,0.361459,-0.603208,-1,1,-2,0.260805,1,0.146654,-0.126174,1,-0.0912024,0.79422,-0.2033,1,1,0.0106057,0.226063,1,0.203885,1,1,0.207562,1,1,0.981118,1,0.894407,1,0.0561957,-0.403635,1,1,1,-0.102219,-0.00419501,0.000763969,1,1,1,0.475726,1,-0.178598,-2,0.066198,1,1,1,1,0.0233488,0.14712,-0.259776,0.303166,1,-0.105793,1,1,1,1,0.210913,-2,0.711611,1,1,1,0.346214,0.068088,1,-0.0491915,1,-2,0.195082,-0.0529301,-0.153772,-0.0991109,1,0.142707,1,0.263074,1,1,1,-0.300343,1,1,0.0950726,-0.0663115,1,1,1,-0.309594,-0.425644,1,-0.394001,1,0.781449,0.23191,0.085787,0.366143,-0.132027,-0.405071,1,-0.0292763,1,0.112258,1,0.374914,-1,0.113974,0.366112,0.1046,-0.0305677,1,0.0605389,1,1,-0.0518331,1,0.101721,0.0635594,1,-0.107514,1,1,-0.0670851,0.0539717,0.385548,1,-2,-0.00687177,1,0.316695,-1,0.150705,0.0848305,-0.101532,0.0559246,0.235362,0.180158,0.657797,0.408079,-0.305234,0.609563,1,-0.306469,0.241447,-0.404518,1,1,1,1,1,1,0.156152,0.117999,1,0.867301,0.497241,1,0.0198676,-0.191915,0.523618,1,1,-2,-0.00312937,1,-1,-0.0178915,-0.1391,-0.0459391,0.318591,1,0.319712,0.0773956,0.417534,1,0.0370057,-0.209612,1,0.503194,0.610277,-0.15035,-0.0514905,-0.18961,-0.109881,0.521045,-2,0.0484212,1,1,0.224723,1,0.544454,-0.0503999,0.306966,0.0308217,0.121454,1,-0.139317,1,-0.0342147,1,-1,-0.0213761,1,1,0.0530968,-1,1,1,1,0.0876004,0.259131,1,-1,-2,-0.0725575,1,1,0.427136,0.0354991,0.460334,0.724311,0.0270138,-0.0301341,1,0.0565766,-0.187904,0.105434,0.102181,-2,0.206077,1,1,1,-0.0182896,-0.0268603,0.0480747,-0.0531456,1,0.061759,1,1,-1,-0.155619,0.0491328,1,0.333227,0.0868605,1,-0.182718,1,0.365685,1,-1,1,0.07156,-2,-2,1,0.278887,1,1,0.10112,-0.220568,1,1,-2,0.441819,-0.304657,-0.0683413,1,-0.162071,0.151512,-0.391201,-2,1,0.251158,0.00381128,1,1,1,-2,1,-0.542294,1,-0.0344933,-0.00859042,0.65154,1,-0.00794737,-0.123383,1,0.10483,0.00169522,0.43705,0.101362,-0.304902,0.23357,1,1,1,1,-0.0312235,1,0.201057,1,-0.443413,0.597886,1,-0.00428756,1,1,1,0.0136187,1,0.0778548,-0.0187312,0.741837,0.13788,1,1,0.0736646,1,1,-0.412801,-2,1,-0.0463233,1,0.602451,-0.00590901,0.114794,0.121096,0.314412,0.15891,1,1,1,0.374431,-0.0163803,-2,0.0896372,0.146574,0.222612,0.401469,-2,-0.000182513,-2,0.0455896,0.223218,-1,-0.0213753,0.438343,-0.0965827,0.409443,1,0.078552,-2,0.138746,-0.168399,1,-0.0486363,-1,0.36552,-0.217437,-0.0319183,1,1,-0.110726,0.00167925,1,1,1,1,-0.0588749,0.576877,1,0.257212,0.0708939,-2,0.250613,1,1,0.347903,0.894484,-2,0.0411825,-2,0.0441755,0.268658,1,-0.181205,-0.151323,0.174449,0.789359,1,-0.148271,1,0.00289628,0.304124,0.0592128,-0.150997,1,-0.327638,-0.0511352,1,-0.0154564,0.168814,1,-0.0197588,-0.0575251,1,-0.0460509,1,1,-0.26473,1,0.259154,-0.118128,0.676426,1,0.28625,0.0428732,-0.0584404,-0.293474,-0.0818041,1,1,0.100585,-0.587111,1,-0.0549986,1,1,1,-0.193249,1,-0.166869,-0.0244491,-0.0826269,1,0.231061,0.337223,1,1,-2,-0.132902,0.0662713,0.282071,0.138123,1,1,-0.0587667,-0.0933246,1,1,0.0894096,1,1,-0.0643544,-0.379069,0.217465,0.67683,0.0424997,-0.212024,1,-1,1,1,-0.0149666,1,1,-0.356311,1,1,0.0872432,1,1,1,1,1,1,0.285654,1,0.173548,-0.231568,1,-0.218944,1,1,0.352898,1,1,0.834533,1,0.00655078,0.0547958,-0.0131678,0.0649094,0.237428,1,0.734351,0.986704,-0.138324,1,0.379204,1,-2,0.423935,1,1,0.423978,-0.138108,1,-0.192741,1,0.957679,1,-2,-2,0.525505,0.182916,0.326441,0.364189,1,0.0451037,-2,1,0.00540246,1,0.0405633,0.135539,0.197506,1,-2,1,0.0115059,1,1,0.551229,-0.0910715,0.352714,0.300524,0.0880887,0.891318,-0.405941,0.454293,0.370479,1,0.14205,1,0.350401,1,-0.144361,1,0.328632,0.146105,0.628293,1,0.483053,1,0.29316,1,0.351014,1,0.0903383,0.00324102,0.20987,0.074666,1,-2,-2,-2,0.0538072,-2,-0.342306,1,-0.105868,-0.178904,1,1,0.0798474,1,-1,1,-0.0390576,-0.38398,0.696391,1,1,0.256941,1,1,0.347276,0.177051,-2,1,0.212729,0.055522,1,0.39391,0.0849591,1,-0.279485,0.229406,1,0.227731,0.0785175,0.109763,0.516918,-0.0220591,-0.0158306,0.13069,0.0805765,0.172857,1,0.381619,1,1,1,0.13838,-2,-0.291195,1,0.702658,-1,1,0.257433,-2,0.075001,1,-0.128455,1,0.330145,0.118529,0.0094019,-1,-2,-0.175531,0.731522,1,0.200621,1,-0.129288,-0.205272,0.476898,-0.0849301,-0.0143151,-0.0439023,-2,-2,1,0.707235,1,1,-2,-0.194745,0.822634,1,0.0164625,0.0261525,1,0.363473,-0.163575,-0.190482,1,0.0420068,1,0.702398,1,-0.042792,-0.240004,0.985207,0.193803,0.548,0.332558,0.119435,0.143817,-1,-0.305342,-0.332931,0.103721,1,-0.0858911,1,-0.0737553,-0.16749,0.717923,-0.317883,-0.213841,0.0194901,-0.75873,1,1,-0.225088,0.00360287,0.303412,0.117427,-0.763578,1,-0.605272,1,1,1,-0.285065,0.846421,1,-1,-1,1,0.482035,1,1,-2,-0.121282,0.129703,1,0.466291,1,-2,1,1,0.280502,0.959559,1,-0.0806805,1,0.268944,0.337603,1,1,1,1,0.365611,-2,0.407346,0.136275,1,1,-0.0242531,-2,-2,1,0.190965,1,1,-0.0214138,0.125294,1,0.194944,1,0.113409,0.213638,0.223035,-0.00522387,-2,1,-0.0186877,1,1,0.260244,1,1,0.452793,0.336654,-2,0.442962,1,1,0.11212,-2,-0.126486,0.193628,-0.140616,1,-2,-0.873977,0.0732516,1,1,0.147761,1,1,0.0755502,0.25327,1,-2,1,0.600502,-0.0539766,1,-0.269352,-0.0652469,-0.0996395,1,1,0.337732,1,0.0843601,-2,-1,1,1,1,1,-0.155692,-2,-0.0413677,0.306672,-0.079857,0.545276,-0.030112,0.490804,1,1,1,0.0494999,0.330639,0.254823,0.169633,0.121805,0.122259,1,1,-2,0.0474975,-2,-2,-2,0.0157875,1,0.363511,1,0.292271,1,0.774758,-0.069132,1,1,1,1,0.3301,-1,1,1,1,-0.00173828,1,-1,1,1,0.562233,0.0646189,0.498632,0.0650413,-0.127479,0.206183,0.716227,-0.0716723,1,0.158887,0.522657,1,0.126469,1,0.0976871,1,-1,0.694119,0.261402,0.139507,0.0381068,0.412988,0.0557421,-2,1,1,1,0.770412,-2,-2,1,1,0.195205,-0.207447,-0.03292,0.344461,-0.177966,0.151477,0.0199146,0.171182,0.115877,0.507026,1,1,0.0364374,0.123134,-0.338198,-0.240069,0.166502,0.328453,-2,-0.0851558,0.804808,1,-0.104251,0.100361,0.137029,-0.2693,0.0766044,1,1,1,1,-2,0.344259,1,1,1,1,0.0463452,1,-0.476971,0.0298682,1,0.14244,1,1,0.146706,1,0.128122,0.204087,0.926786,-0.0461409,1,-0.0456127,1,1,1,-0.140091,1,0.15628,0.730947,1,1,0.267767,0.0929804,0.327491,1,0.838498,1,1,1,1,1,1,-2,0.721338,1,-0.348337,1,0.294911,0.651106,-1,1,1,1,0.562581,1,-0.151358,-2,0.613535,1,1,0.877329,1,-0.372059,0.341389,1,-0.174997,-0.0291566,1,0.201746,0.0315165,0.0133228,0.0165722,0.31978,1,0.238291,0.126684,-0.325063,0.154313,-0.205895,-2,-0.234641,0.000954557,1,1,-0.453587,0.696065,1,1,1,1,1,1,0.0753425,0.354245,-2,0.129284,1,-0.0155309,0.582783,1,0.689788,0.360519,1,0.0850587,1,-0.169989,1,0.0307776,-0.328423,-0.272733,0.046112,1,0.2188,0.243302,0.293309,0.238616,0.021419,0.179376,1,1,1,0.339988,1,0.860222,-1,0.450987,-0.248863,0.335171,0.0845234,0.457611,-0.184875,1,0.0271943,0.0661797,0.643716,0.140647,1,-2,0.0232755,-0.0333324,1,-0.328303,-0.177821,-0.000183165,1,0.220985,1,0.422303,1,1,1,0.356444,1,0.117474,0.307601,0.495448,-1,0.282913,-0.16958,-0.105679,0.505408,0.183186,0.323165,-0.166111,-0.144551,-0.389877,0.112796,0.49168,-1,0.0888504,-2,-2,1,-0.0537755,0.992123,0.0879441,1,-2,0.674965,-2,-0.11208,0.326559,0.265949,-2,1,1,1,0.110558,1,0.0771915,-0.013269,0.220319,0.635945,-0.0561405,0.46528,0.225669,1,0.347404,1,0.0712454,0.208291,0.0237775,-0.0501141,1,0.251123,-2,0.110649,1,-0.0431853,0.900834,1,1,1,-0.0702127,1,0.0491313,1,1,0.223633,0.394025,0.618971,0.154092,-0.237659,1,0.0769493,0.0226622,-2,0.193837,0.212213,-1,-0.0420192,0.365611,1,-2,-0.119343,-0.10885,0.0494745,0.153247,1,1,0.29619,-1,1,0.161416,1,1,-0.0889052,0.135227,0.465702,-0.274297,1,0.758202,0.118251,1,1,-0.147003,0.0447173,0.130399,1,-1,1,0.211456,0.386563,-2,1,1,0.445754,1,0.978769,-0.227904,1,0.145481,0.0228335,1,1,0.237066,0.395109,1,0.274685,1,1,-0.0754959,1,1,-0.357055,0.525432,1,0.00185375,1,0.292721,-2,0.303061,0.117812,-0.155568,1,1,1,1,1,0.104259,-0.09587,-2,0.471148,0.22291,1,1,0.470797,0.0917955,1,-2,0.457252,0.0285671,0.0834795,0.143243,0.698432,1,1,1,-0.0576883,0.281431,0.427378,-0.0188866,1,-2,-0.151178,0.0319439,-0.116036,1,0.838504,0.0729376,0.439499,1,1,0.934206,1,1,0.0400007,-0.0624263,0.0452728,0.990864,1,-0.0101348,1,0.445963,1,-0.112302,-2,0.216455,-2,0.468697,1,1,0.580733,1,0.191928,0.708349,1,-2,0.407639,1,1,0.157279,-2,0.397527,0.534361,-2,1,-2,1,1,0.220215,-1,-0.407781,0.0538491,-0.0828389,1,-0.0650382,0.150533,1,-0.0755488,1,-2,1,0.299469,0.15637,-2,0.158849,1,0.264929,1,0.195058,1,-0.161059,-2,0.0759665,0.376546,1,0.12551,0.227368,0.00691358,0.294332,0.0668722,-2,0.00671998,-0.0507954,-0.0948584,0.972375,0.0409417,0.484978,0.221181,-0.398998,1,1,0.198896,0.0387961,-1,0.110663,0.173235,0.0652739,1,-0.318579,0.116011,0.0498374,1,1,-2,-2,0.0419337,0.166227,-0.179658,0.669285,1,1,0.245949,0.77641,-0.1723,1,0.0731077,1,1,-2,0.709747,-0.180875,1,1,-0.10699,1,1,1,0.0866678,-0.297,1,1,-2,-0.0698912,0.0937814,1,0.378248,1,1,0.109738,-0.106881,1,0.0012649,1,-0.467044,-2,0.244946,0.171568,1,0.362762,1,0.317261,1,-0.0883263,0.187066,0.0830586,0.259487,1,1,0.503434,0.212311,1,0.77216,1,0.6656,0.0308839,0.131621,-0.110938,-2,-0.247945,-0.141337,1,0.29078,-0.13977,1,1,1,-2,-1,1,0.0336392,1,-0.207831,1,1,1,0.115789,-0.144077,-2,1,-0.0793316,0.717134,1,0.293493,1,1,0.415809,0.319036,1,1,0.158304,0.220671,0.293282,1,0.164504,-2,1,1,1,0.244036,0.0456283,1,0.149475,1,1,0.518928,0.441208,-0.128859,1,1,1,0.152454,1,0.213172,-0.135608,-1,1,0.0166564,0.750101,1,1,0.519621,1,0.0660708,1,-0.119376,0.262264,-0.0407276,0.0441095,-0.0287678,0.0880186,1,0.195515,1,-0.127881,1,1,-2,1,-2,0.0341188,1,0.58377,0.866176,1,0.309469,1,0.0762348,1,0.0708119,0.601689,-2,1,-0.314311,0.305318,-2,-2,1,1,1,0.588137,-2,1,1,0.917846,-0.126227,1,0.165773] [in: 37.2163 sec]
Cluster:$ Deleting cluster

Cluster:$ Creating model[random/lloyd/k-means/cosine]
Please give an apropriate number of clusters[2,5000]
